1,1,592,619,91,44,0.8718
2,1,594,619,90,44,0.8674
3,1,594,619,90,44,0.8750
4,1,593,619,92,45,0.8697
5,1,595,619,91,45,0.8622
6,1,595,619,92,45,0.8612
7,1,597,619,91,45,0.8635
8,1,599,620,89,44,0.8613
9,1,601,620,90,44,0.8569
10,1,603,620,89,44,0.8525
11,1,604,620,91,45,0.8483
12,1,606,620,89,45,0.8468
13,1,608,621,88,44,0.8460
14,1,608,621,90,45,0.8489
15,1,610,621,90,45,0.8559
16,1,612,622,90,45,0.8653
17,1,615,623,88,44,0.8646
18,1,616,624,88,43,0.8734
19,1,620,625,85,42,0.8708
20,1,621,625,87,43,0.8700
21,1,623,625,86,43,0.8675
22,1,626,625,85,42,0.8512
23,1,629,624,85,43,0.8536
24,1,632,624,84,41,0.8540
25,1,632,622,86,42,0.8518
26,1,633,620,86,43,0.8418
27,1,634,618,87,43,0.8412
28,1,634,615,88,44,0.8448
29,1,637,612,87,44,0.8589
30,1,639,610,88,43,0.8621
31,1,640,606,88,44,0.8761
32,1,639,602,91,45,0.8791
33,1,640,599,90,45,0.8743
34,1,640,595,90,45,0.8641
35,1,641,592,90,45,0.8644
36,1,643,588,89,44,0.8649
37,1,643,586,90,44,0.8626
38,1,643,583,91,46,0.8606
39,1,645,582,88,43,0.8686
40,1,646,580,87,44,0.8687
41,1,647,579,87,43,0.8673
42,1,647,577,88,44,0.8700
43,1,648,576,89,44,0.8615
44,1,649,576,87,43,0.8560
45,1,650,576,88,43,0.8533
46,1,652,575,86,42,0.8525
47,1,653,574,85,42,0.8508
48,1,653,572,86,43,0.8516
49,1,653,571,87,42,0.8496
50,1,653,569,87,43,0.8451
51,1,653,566,88,44,0.8303
52,1,654,564,89,44,0.8334
53,1,655,562,87,43,0.8426
54,1,656,559,85,42,0.8622
55,1,656,556,87,43,0.8609
56,1,658,553,83,41,0.8506
57,1,658,548,84,41,0.8347
58,1,658,544,85,41,0.8355
59,1,658,539,84,41,0.8414
60,1,658,534,86,43,0.8594
61,1,657,530,88,43,0.8608
62,1,659,526,84,42,0.8499
63,1,659,522,84,41,0.8319
64,1,658,517,86,42,0.8453
65,1,658,513,87,42,0.8516
66,1,659,509,87,43,0.8714
67,1,659,505,88,43,0.8643
68,1,660,503,86,42,0.8564
69,1,659,500,87,42,0.8514
70,1,660,497,87,43,0.8542
71,1,660,495,88,43,0.8474
72,1,659,492,90,45,0.8364
73,1,660,490,90,45,0.8248
74,1,660,490,90,44,0.8489
75,1,662,490,88,44,0.8548
76,1,662,489,88,44,0.8600
77,1,663,489,88,43,0.8649
78,1,663,489,87,43,0.8628
79,1,664,488,87,43,0.8677
80,1,663,488,88,43,0.8678
81,1,663,488,89,44,0.8665
82,1,662,487,90,45,0.8672
83,1,662,487,91,45,0.8672
84,1,662,487,91,45,0.8668
85,1,662,487,91,46,0.8662
86,1,663,488,90,44,0.8664
87,1,665,488,87,43,0.8639
88,1,666,489,86,42,0.8628
89,1,665,489,87,42,0.8645
90,1,665,489,87,43,0.8661
91,1,665,489,88,44,0.8619
92,1,664,490,90,44,0.8643
93,1,664,490,90,44,0.8639
94,1,663,489,91,46,0.8648
95,1,664,490,91,44,0.8645
96,1,664,490,91,45,0.8630
97,1,664,490,91,45,0.8643
98,1,664,490,91,45,0.8678
99,1,664,490,91,46,0.8652
100,1,664,489,91,47,0.8664
101,1,664,490,91,45,0.8598
102,1,664,489,90,46,0.8654
103,1,664,489,90,46,0.8650
104,1,665,489,89,45,0.8620
105,1,665,489,89,45,0.8624
106,1,666,489,87,44,0.8639
107,1,667,489,86,44,0.8612
108,1,666,489,87,44,0.8635
109,1,666,489,87,44,0.8576
110,1,667,489,88,44,0.8582
111,1,666,489,89,44,0.8597
112,1,666,488,90,45,0.8621
113,1,666,488,91,45,0.8624
114,1,664,488,92,45,0.8715
115,1,664,487,93,46,0.8754
116,1,664,488,93,45,0.8746
117,1,665,488,92,45,0.8721
118,1,665,488,93,45,0.8697
119,1,665,488,94,45,0.8687
120,1,664,487,95,46,0.8705
121,1,664,487,96,46,0.8681
122,1,663,487,99,46,0.8636
123,1,663,487,100,47,0.8619
124,1,663,487,100,46,0.8614
125,1,664,486,100,47,0.8581
126,1,664,486,101,46,0.8608
127,1,665,486,99,45,0.8610
128,1,665,486,100,45,0.8637
129,1,664,486,102,45,0.8671
130,1,664,486,102,45,0.8642
131,1,664,485,103,46,0.8667
132,1,664,485,105,46,0.8685
133,1,664,485,106,46,0.8647
134,1,666,485,105,46,0.8584
135,1,667,485,107,46,0.8614
136,1,667,486,107,45,0.8618
137,1,667,485,110,46,0.8628
138,1,668,485,108,46,0.8646
139,1,669,485,109,45,0.8635
140,1,671,485,108,45,0.8645
141,1,672,484,110,46,0.8620
142,1,674,484,110,45,0.8578
143,1,675,484,112,46,0.8478
144,1,675,483,114,46,0.8592
145,1,675,482,115,47,0.8509
146,1,676,482,116,47,0.8489
147,1,680,482,115,47,0.8577
148,1,682,482,116,47,0.8650
149,1,684,482,117,47,0.8675
150,1,686,482,116,47,0.8604
151,1,687,481,116,47,0.8640
152,1,690,481,118,47,0.8518
153,1,693,481,117,47,0.8568
154,1,697,481,116,47,0.8469
155,1,700,480,116,47,0.8445
156,1,703,480,117,47,0.8408
157,1,706,479,117,48,0.8471
158,1,710,479,117,47,0.8555
159,1,712,478,117,47,0.8408
160,1,715,478,117,47,0.8474
161,1,718,477,117,48,0.8450
162,1,720,476,119,48,0.8371
163,1,725,476,120,48,0.8372
164,1,731,476,118,48,0.8332
165,1,735,475,118,48,0.8410
166,1,738,475,118,48,0.8437
167,1,742,475,119,48,0.8379
168,1,749,475,116,47,0.8287
169,1,753,474,118,48,0.8417
170,1,758,474,119,48,0.8384
171,1,761,472,123,49,0.8511
172,1,768,473,119,48,0.8358
173,1,774,473,118,47,0.8353
174,1,780,472,118,48,0.8538
175,1,784,471,120,49,0.8481
176,1,790,471,121,49,0.8451
177,1,796,471,120,49,0.8320
178,1,803,471,118,48,0.8531
179,1,808,471,119,48,0.8507
180,1,815,471,118,48,0.8384
181,1,821,471,118,48,0.8364
182,1,827,470,117,48,0.8618
183,1,832,470,119,49,0.8567
184,1,837,469,120,49,0.8370
185,1,842,468,122,50,0.8440
186,1,848,468,120,50,0.8533
187,1,852,468,123,51,0.8703
188,1,856,467,124,52,0.8555
189,1,861,467,125,53,0.8396
190,1,866,467,123,52,0.8425
191,1,872,468,120,51,0.8498
192,1,874,467,121,52,0.8566
193,1,877,468,122,52,0.8757
194,1,880,467,123,53,0.8577
195,1,884,468,121,52,0.8481
196,1,888,467,120,52,0.8451
197,1,890,467,120,52,0.8451
198,1,894,470,117,50,0.8410
199,1,897,471,115,49,0.8407
200,1,898,470,117,50,0.8437
201,1,900,471,116,50,0.8473
202,1,901,471,115,49,0.8424
203,1,901,471,115,49,0.8354
204,1,904,473,114,48,0.8458
205,1,905,473,115,49,0.8467
206,1,906,474,115,48,0.8527
207,1,907,474,114,48,0.8493
208,1,907,474,116,48,0.8455
209,1,907,474,117,48,0.8476
210,1,909,474,115,48,0.8419
211,1,911,475,114,48,0.8399
212,1,911,475,115,48,0.8415
213,1,911,476,117,48,0.8486
214,1,911,476,118,48,0.8487
215,1,911,475,119,49,0.8528
216,1,912,476,119,49,0.8518
217,1,912,476,119,49,0.8516
218,1,912,476,119,49,0.8509
219,1,911,476,120,50,0.8506
220,1,911,477,120,49,0.8518
221,1,910,477,121,49,0.8538
222,1,911,478,120,48,0.8571
223,1,911,478,120,49,0.8555
224,1,911,478,121,49,0.8549
225,1,912,478,120,49,0.8551
226,1,911,478,121,49,0.8509
227,1,912,478,120,49,0.8500
228,1,911,478,121,49,0.8578
229,1,911,478,121,49,0.8556
230,1,912,479,119,48,0.8545
231,1,911,479,121,48,0.8527
232,1,911,479,120,48,0.8528
233,1,911,478,120,49,0.8531
234,1,909,478,121,49,0.8557
235,1,908,478,122,49,0.8538
236,1,910,479,121,48,0.8564
237,1,909,479,121,49,0.8587
238,1,907,478,121,49,0.8614
239,1,906,479,121,49,0.8649
240,1,905,479,120,48,0.8584
241,1,904,479,119,49,0.8656
242,1,903,479,119,49,0.8674
243,1,903,479,118,49,0.8710
244,1,902,479,119,49,0.8705
245,1,901,479,120,49,0.8682
246,1,901,479,120,49,0.8686
247,1,901,479,118,49,0.8648
248,1,900,479,117,49,0.8631
249,1,900,479,115,49,0.8641
250,1,898,479,115,49,0.8621
251,1,898,479,115,49,0.8642
252,1,897,479,115,49,0.8609
253,1,896,479,115,49,0.8636
254,1,896,479,113,49,0.8647
255,1,896,480,112,48,0.8668
256,1,896,480,110,48,0.8683
257,1,894,480,110,47,0.8562
258,1,894,480,107,47,0.8767
259,1,892,479,107,48,0.8745
260,1,892,480,105,47,0.8751
261,1,891,479,105,48,0.8752
262,1,890,479,105,48,0.8707
263,1,888,480,104,47,0.8754
264,1,888,480,101,47,0.8768
265,1,888,480,99,47,0.8698
266,1,887,481,97,46,0.8741
267,1,885,481,96,46,0.8740
268,1,885,481,94,46,0.8775
269,1,882,482,95,46,0.8800
270,1,880,481,97,48,0.8784
271,1,879,481,97,48,0.8823
272,1,877,482,98,48,0.8778
273,1,875,482,100,49,0.8775
274,1,873,481,102,51,0.8722
275,1,873,481,101,50,0.8680
276,1,872,482,103,50,0.8668
277,1,872,482,103,50,0.8645
278,1,871,482,104,51,0.8691
279,1,870,482,105,52,0.8625
280,1,868,482,107,52,0.8657
281,1,868,483,106,51,0.8574
282,1,867,483,107,51,0.8600
283,1,866,483,107,52,0.8630
284,1,866,484,106,51,0.8727
285,1,866,484,107,51,0.8705
286,1,866,485,106,50,0.8727
287,1,865,485,108,51,0.8742
288,1,865,486,107,50,0.8652
289,1,864,486,109,51,0.8646
290,1,864,487,111,51,0.8675
291,1,865,487,110,51,0.8684
292,1,866,488,109,51,0.8632
293,1,866,488,109,50,0.8630
294,1,868,488,109,51,0.8536
295,1,870,489,110,50,0.8486
296,1,871,489,110,50,0.8397
297,1,872,490,111,50,0.8385
298,1,875,491,109,49,0.8359
299,1,876,492,110,49,0.8276
300,1,877,492,110,48,0.8290
301,1,879,493,109,47,0.8317
302,1,881,493,109,48,0.8582
303,1,883,494,110,47,0.8466
304,1,884,494,113,48,0.8392
305,1,887,494,114,49,0.8349
306,1,891,495,114,49,0.8380
307,1,895,497,111,48,0.8462
308,1,897,498,111,47,0.8476
309,1,901,498,110,47,0.8464
310,1,904,499,109,46,0.8486
311,1,909,501,106,44,0.8344
312,1,912,502,106,44,0.8453
313,1,915,503,104,42,0.8488
314,1,917,504,104,41,0.8503
315,1,920,504,104,42,0.8507
316,1,922,505,105,42,0.8450
317,1,925,506,107,42,0.8443
318,1,928,506,107,43,0.8457
319,1,930,507,108,43,0.8507
320,1,931,507,109,43,0.8458
321,1,933,507,110,43,0.8399
322,1,934,507,112,44,0.8486
323,1,936,507,112,44,0.8466
324,1,938,507,111,44,0.8472
325,1,939,508,109,43,0.8465
326,1,939,508,109,43,0.8463
327,1,940,508,107,43,0.8448
328,1,941,508,106,42,0.8376
329,1,941,508,106,42,0.8304
330,1,942,508,108,42,0.8284
331,1,942,507,109,43,0.8302
332,1,942,507,110,43,0.8331
333,1,942,506,110,44,0.8241
334,1,941,506,112,44,0.8424
335,1,942,505,110,44,0.8385
336,1,941,505,111,44,0.8442
337,1,941,505,112,44,0.8437
338,1,942,505,110,43,0.8463
339,1,941,504,112,45,0.8515
340,1,941,504,110,44,0.8534
341,1,941,504,107,42,0.8606
342,1,941,504,105,42,0.8567
343,1,941,504,104,41,0.8594
344,1,942,504,102,41,0.8533
345,1,942,504,102,41,0.8551
346,1,941,504,103,41,0.8568
347,1,941,504,102,41,0.8582
348,1,941,504,100,40,0.8533
349,1,942,504,96,39,0.8432
350,1,941,503,96,39,0.8453
351,1,941,503,95,39,0.8426
352,1,940,503,94,38,0.8407
353,1,940,503,93,38,0.8419
354,1,941,503,91,37,0.8355
355,1,940,502,92,39,0.8432
356,1,938,502,92,38,0.8376
357,1,938,502,90,37,0.8412
358,1,936,502,91,38,0.8437
359,1,933,501,94,39,0.8413
360,1,934,500,91,38,0.8415
361,1,933,500,91,39,0.8429
362,1,932,499,91,40,0.8435
363,1,931,499,90,39,0.8422
364,1,931,498,89,39,0.8458
365,1,930,498,87,39,0.8495
366,1,928,498,87,38,0.8445
367,1,928,497,87,39,0.8511
368,1,927,497,87,38,0.8532
369,1,926,496,87,39,0.8497
370,1,924,496,89,39,0.8491
371,1,921,495,92,40,0.8344
372,1,920,494,93,41,0.8352
373,1,920,494,92,40,0.8341
374,1,919,493,92,40,0.8290
375,1,918,492,94,41,0.8343
376,1,915,492,96,41,0.8337
377,1,914,491,97,42,0.8442
378,1,913,491,98,42,0.8416
379,1,913,490,98,42,0.8474
380,1,912,489,99,43,0.8517
381,1,912,489,99,42,0.8504
382,1,912,488,98,42,0.8505
383,1,912,488,99,42,0.8516
384,1,910,487,100,43,0.8475
385,1,910,487,101,43,0.8537
386,1,910,487,102,42,0.8552
387,1,909,485,103,44,0.8652
388,1,910,485,104,43,0.8602
389,1,911,485,104,43,0.8574
390,1,911,485,105,43,0.8519
391,1,909,483,107,44,0.8513
392,1,911,482,107,45,0.8624
393,1,911,482,109,44,0.8596
394,1,912,482,109,44,0.8515
395,1,914,481,107,44,0.8390
396,1,915,481,108,44,0.8451
397,1,917,480,106,44,0.8416
398,1,918,480,108,43,0.8337
399,1,921,479,109,44,0.8426
400,1,924,479,109,44,0.8510
401,1,926,478,110,44,0.8501
402,1,928,477,111,45,0.8453
403,1,930,477,111,44,0.8421
404,1,932,476,112,45,0.8326
405,1,933,475,114,46,0.8367
406,1,937,475,114,45,0.8358
407,1,941,474,113,46,0.8349
408,1,943,473,115,46,0.8316
409,1,947,472,114,46,0.8465
410,1,951,472,114,46,0.8442
411,1,956,473,111,44,0.8327
412,1,959,471,113,46,0.8386
413,1,963,471,112,46,0.8270
414,1,966,471,113,45,0.8282
415,1,972,470,111,45,0.8526
416,1,976,470,110,45,0.8476
417,1,981,470,109,45,0.8308
418,1,985,469,111,45,0.8264
419,1,992,470,108,44,0.8150
420,1,996,470,109,44,0.8335
421,1,1001,469,107,44,0.8358
422,1,1007,469,107,44,0.8284
423,1,1011,468,110,45,0.8425
424,1,1016,468,111,45,0.8562
425,1,1022,468,109,45,0.8497
426,1,1027,468,110,45,0.8485
427,1,1033,468,109,46,0.8306
428,1,1038,467,110,47,0.8442
429,1,1045,467,109,46,0.8493
430,1,1051,467,109,47,0.8473
431,1,1057,467,110,47,0.8476
432,1,1064,468,106,45,0.8547
433,1,1071,468,104,45,0.8574
434,1,1078,468,104,44,0.8496
435,1,1084,468,104,45,0.8396
436,1,1089,467,105,46,0.8610
437,1,1095,467,105,45,0.8472
438,1,1101,467,106,45,0.8595
439,1,1105,467,108,46,0.8458
440,1,1110,466,108,47,0.8495
441,1,1115,464,109,48,0.8563
442,1,1121,463,108,47,0.8678
443,1,1126,461,109,47,0.8626
444,1,1128,458,111,48,0.8681
445,1,1132,455,110,48,0.8709
446,1,1137,452,108,47,0.8574
447,1,1140,447,109,48,0.8627
448,1,1143,443,109,48,0.8639
449,1,1146,438,107,48,0.8667
450,1,1149,433,108,48,0.8676
451,1,1152,428,106,48,0.8571
452,1,1155,424,105,47,0.8409
453,1,1156,419,105,47,0.8458
454,1,1157,415,106,48,0.8493
455,1,1158,411,106,48,0.8607
456,1,1161,409,104,47,0.8735
457,1,1164,408,100,45,0.8695
458,1,1164,405,101,46,0.8567
459,1,1167,403,101,45,0.8547
460,1,1167,402,102,45,0.8486
461,1,1167,400,103,46,0.8464
462,1,1168,399,102,46,0.8565
463,1,1169,398,102,45,0.8552
464,1,1169,396,103,46,0.8638
465,1,1168,395,105,46,0.8672
466,1,1169,395,104,46,0.8630
467,1,1170,394,103,46,0.8602
468,1,1171,394,102,45,0.8637
469,1,1171,394,102,45,0.8573
470,1,1170,393,104,46,0.8612
471,1,1170,393,105,46,0.8611
472,1,1170,393,105,46,0.8612
473,1,1170,393,105,46,0.8622
474,1,1169,393,106,46,0.8557
475,1,1169,394,105,45,0.8538
476,1,1169,394,105,46,0.8576
477,1,1169,394,105,45,0.8596
478,1,1171,394,104,45,0.8561
479,1,1170,395,105,45,0.8510
480,1,1170,395,105,45,0.8538
481,1,1171,395,105,45,0.8503
482,1,1171,395,104,46,0.8476
483,1,1172,396,103,45,0.8426
484,1,1173,396,103,45,0.8450
485,1,1174,398,103,44,0.8460
486,1,1176,398,103,45,0.8498
487,1,1178,399,102,45,0.8457
488,1,1180,400,103,44,0.8404
489,1,1182,400,102,44,0.8434
490,1,1185,400,101,45,0.8466
491,1,1188,400,100,44,0.8550
492,1,1190,400,99,43,0.8579
493,1,1192,400,98,42,0.8439
494,1,1195,400,98,42,0.8351
495,1,1196,401,98,42,0.8330
496,1,1199,401,100,42,0.8380
497,1,1201,401,102,44,0.8432
498,1,1204,401,103,44,0.8430
499,1,1207,401,102,44,0.8365
500,1,1210,402,101,43,0.8472
501,1,1212,401,103,44,0.8489
502,1,1216,401,102,44,0.8341
503,1,1220,401,100,43,0.8379
504,1,1223,402,102,43,0.8395
505,1,1226,401,103,44,0.8427
506,1,1228,401,104,44,0.8418
507,1,1231,401,104,44,0.8413
508,1,1234,401,104,45,0.8458
509,1,1236,400,107,46,0.8516
510,1,1237,399,108,47,0.8492
511,1,1239,399,109,46,0.8453
512,1,1244,399,107,46,0.8548
513,1,1246,398,108,48,0.8543
514,1,1249,399,108,47,0.8447
515,1,1251,399,109,48,0.8464
516,1,1254,400,106,46,0.8438
517,1,1255,401,106,46,0.8523
518,1,1256,401,106,47,0.8545
519,1,1258,402,105,47,0.8570
520,1,1259,403,106,46,0.8510
521,1,1258,403,109,48,0.8420
522,1,1259,404,110,49,0.8588
523,1,1261,406,108,48,0.8648
524,1,1262,407,106,47,0.8645
525,1,1263,408,106,47,0.8663
526,1,1263,410,106,47,0.8744
527,1,1263,411,106,48,0.8654
528,1,1264,413,105,47,0.8676
529,1,1265,415,103,46,0.8690
530,1,1266,416,102,46,0.8667
531,1,1266,418,102,45,0.8650
532,1,1267,419,102,45,0.8601
533,1,1267,421,102,45,0.8530
534,1,1268,423,101,45,0.8448
535,1,1268,425,101,44,0.8319
536,1,1266,426,103,45,0.8402
537,1,1267,428,101,44,0.8404
538,1,1265,430,103,44,0.8537
539,1,1265,432,104,44,0.8522
540,1,1264,433,106,46,0.8565
541,1,1264,435,107,46,0.8539
542,1,1265,436,105,46,0.8595
543,1,1265,438,103,45,0.8528
544,1,1264,440,103,45,0.8574
545,1,1264,442,103,44,0.8611
546,1,1263,444,104,44,0.8554
547,1,1265,446,99,43,0.8500
548,1,1264,448,98,42,0.8562
549,1,1263,449,99,42,0.8417
550,1,1262,451,101,43,0.8421
551,1,1262,453,100,42,0.8460
552,1,1261,455,100,42,0.8565
553,1,1261,457,97,41,0.8560
554,1,1260,458,99,42,0.8624
555,1,1260,460,98,42,0.8654
556,1,1258,462,101,43,0.8678
557,1,1257,463,103,45,0.8517
558,1,1257,465,103,44,0.8632
559,1,1257,467,104,45,0.8625
560,1,1256,468,104,45,0.8534
561,1,1257,470,103,45,0.8498
562,1,1257,473,102,44,0.8300
563,1,1255,475,104,45,0.8397
564,1,1257,477,101,44,0.8348
565,1,1257,479,101,44,0.8300
566,1,1259,481,95,41,0.8302
567,1,1261,484,91,39,0.7307
569,1,1263,488,88,38,0.7191
570,1,1264,490,86,37,0.7423
571,1,1268,492,82,36,0.7463
582,1,1247,512,103,45,0.6022
583,1,1245,513,107,46,0.6618
584,1,1245,514,107,46,0.6523
587,1,1253,522,90,37,0.6817
588,1,1253,525,90,37,0.6064
589,1,1253,528,92,35,0.6964
590,1,1253,530,95,38,0.7989
591,1,1258,534,92,36,0.8089
592,1,1256,536,93,36,0.8228
594,1,1257,540,89,34,0.7842
596,1,1262,548,78,29,0.7126
597,1,1261,551,80,29,0.6102
598,1,1259,554,84,31,0.6805
599,1,1252,556,99,36,0.7935
600,1,1253,559,96,35,0.7797
603,1,1245,566,111,41,0.7874
604,1,1243,569,114,43,0.8137
605,1,1241,572,115,44,0.8277
606,1,1243,575,112,43,0.8313
607,1,1242,578,113,44,0.8237
608,1,1243,579,111,43,0.8192
609,1,1244,581,108,42,0.8373
610,1,1248,583,100,40,0.8137
611,1,1250,586,97,37,0.8157
612,1,1249,587,99,39,0.8112
613,1,1249,588,99,39,0.8203
614,1,1248,589,101,39,0.8083
615,1,1247,589,104,41,0.7946
616,1,1245,590,105,41,0.8201
617,1,1245,591,104,41,0.8113
618,1,1245,592,104,40,0.7997
619,1,1246,592,103,40,0.7897
620,1,1244,592,107,42,0.8206
621,1,1246,593,104,41,0.8211
622,1,1245,592,107,43,0.8251
623,1,1244,593,109,43,0.8212
624,1,1244,593,109,44,0.8196
625,1,1243,593,108,43,0.8201
626,1,1245,593,103,42,0.8000
627,1,1246,595,100,40,0.7897
628,1,1245,595,104,41,0.7769
629,1,1245,595,104,42,0.7874
630,1,1243,596,108,43,0.8042
631,1,1244,597,104,42,0.8163
632,1,1243,597,105,43,0.8155
633,1,1244,598,103,42,0.8181
634,1,1244,599,102,41,0.8232
635,1,1244,600,100,40,0.8166
636,1,1245,600,98,39,0.8138
637,1,1246,600,96,38,0.8096
638,1,1246,599,95,37,0.7874
639,1,1245,599,99,39,0.8022
640,1,1245,599,101,40,0.8024
641,1,1244,600,102,39,0.7948
642,1,1244,601,100,39,0.8045
643,1,1242,602,103,40,0.8215
644,1,1242,602,105,40,0.8002
645,1,1242,602,106,41,0.7992
646,1,1239,602,110,43,0.8260
647,1,1239,603,109,42,0.8248
648,1,1239,604,109,42,0.8296
649,1,1238,604,111,43,0.8292
650,1,1239,604,108,42,0.8266
651,1,1238,604,109,43,0.8392
652,1,1238,605,110,43,0.8437
653,1,1238,605,111,44,0.8485
654,1,1238,605,112,45,0.8475
655,1,1238,605,112,45,0.8452
656,1,1238,606,112,44,0.8542
657,1,1238,606,113,45,0.8449
658,1,1237,606,113,46,0.8478
659,1,1236,606,115,46,0.8535
660,1,1236,606,114,46,0.8599
661,1,1237,607,113,45,0.8687
662,1,1237,607,113,46,0.8666
663,1,1237,607,113,46,0.8680
664,1,1237,608,113,45,0.8666
665,1,1238,608,111,45,0.8670
666,1,1238,608,111,45,0.8661
667,1,1238,609,111,44,0.8611
668,1,1239,609,110,44,0.8631
669,1,1239,609,110,44,0.8623
670,1,1239,609,110,44,0.8617
671,1,1237,609,112,45,0.8607
672,1,1235,608,115,46,0.8601
673,1,1235,608,115,47,0.8594
674,1,1234,608,116,47,0.8576
675,1,1234,608,116,47,0.8580
676,1,1234,609,116,46,0.8551
677,1,1234,609,116,45,0.8559
678,1,1234,609,115,45,0.8550
679,1,1234,609,116,46,0.8518
680,1,1234,609,116,46,0.8563
681,1,1234,609,116,46,0.8558
682,1,1234,609,116,46,0.8573
683,1,1234,609,117,46,0.8568
684,1,1233,609,118,46,0.8593
685,1,1233,609,118,46,0.8595
686,1,1233,609,117,46,0.8547
687,1,1233,609,118,46,0.8568
688,1,1233,609,118,46,0.8599
689,1,1233,609,118,46,0.8563
690,1,1234,609,117,46,0.8568
691,1,1233,609,118,46,0.8556
692,1,1233,609,118,47,0.8544
693,1,1234,609,117,46,0.8601
694,1,1234,609,117,46,0.8592
695,1,1234,609,116,46,0.8583
696,1,1234,609,116,46,0.8575
697,1,1233,609,117,46,0.8564
698,1,1233,609,116,46,0.8553
699,1,1232,609,116,46,0.8535
700,1,1232,609,116,46,0.8494
701,1,1231,609,117,46,0.8507
702,1,1230,609,118,47,0.8573
703,1,1228,609,119,47,0.8568
704,1,1228,609,118,47,0.8536
705,1,1228,609,117,46,0.8534
706,1,1228,609,117,47,0.8512
707,1,1227,609,118,47,0.8452
708,1,1226,610,119,47,0.8323
709,1,1224,610,121,48,0.8282
710,1,1225,611,120,47,0.8191
711,1,1226,611,120,47,0.8257
712,1,1227,611,118,47,0.8278
713,1,1226,611,118,47,0.8152
714,1,1222,611,121,48,0.8070
715,1,1222,612,121,48,0.8045
716,1,1223,613,120,48,0.8081
717,1,1224,615,119,47,0.8285
718,1,1222,615,122,48,0.8364
719,1,1224,617,118,46,0.8391
720,1,1225,618,116,46,0.8304
721,1,1224,619,117,46,0.8306
722,1,1222,619,117,47,0.8192
723,1,1223,621,116,46,0.8344
724,1,1222,622,118,46,0.8349
725,1,1220,623,120,47,0.8324
726,1,1219,624,119,47,0.8309
727,1,1220,625,119,46,0.8332
728,1,1219,625,122,48,0.8331
729,1,1220,627,121,47,0.8388
730,1,1220,627,121,48,0.8409
731,1,1219,627,123,49,0.8400
732,1,1219,628,124,49,0.8426
733,1,1220,629,123,48,0.8427
734,1,1222,630,121,47,0.8409
735,1,1222,630,121,48,0.8482
736,1,1221,631,121,48,0.8404
737,1,1220,632,123,48,0.8380
738,1,1219,633,125,49,0.8346
739,1,1219,633,124,49,0.8378
740,1,1220,633,123,49,0.8490
741,1,1220,634,122,48,0.8467
742,1,1221,633,123,49,0.8475
743,1,1222,634,123,49,0.8429
744,1,1222,635,123,48,0.8443
745,1,1223,635,122,49,0.8458
746,1,1222,635,124,49,0.8531
747,1,1223,636,122,47,0.8462
748,1,1224,636,121,47,0.8510
749,1,1224,636,121,47,0.8457
750,1,1224,636,121,47,0.8376
751,1,1225,636,120,47,0.8407
752,1,1226,636,121,47,0.8410
753,1,1226,636,121,48,0.8431
754,1,1225,636,123,48,0.8358
755,1,1226,636,123,48,0.8339
756,1,1226,637,124,48,0.8378
757,1,1228,637,122,48,0.8345
758,1,1228,637,122,48,0.8352
759,1,1229,637,121,48,0.8392
760,1,1229,637,120,48,0.8371
761,1,1230,638,118,47,0.8244
762,1,1231,639,116,46,0.8198
763,1,1231,638,116,47,0.8292
764,1,1231,639,116,46,0.8277
765,1,1231,639,116,46,0.8274
766,1,1231,639,116,47,0.8413
767,1,1231,639,117,47,0.8452
768,1,1233,639,115,47,0.8493
769,1,1233,639,115,47,0.8450
770,1,1235,640,113,46,0.8448
771,1,1235,640,114,46,0.8432
772,1,1235,640,113,46,0.8469
773,1,1236,640,111,46,0.8500
774,1,1236,641,111,45,0.8441
775,1,1236,641,110,45,0.8425
776,1,1237,641,109,46,0.8422
777,1,1239,641,107,45,0.8406
778,1,1240,642,106,44,0.8421
779,1,1240,642,105,44,0.8400
780,1,1241,642,103,44,0.8392
781,1,1243,643,101,43,0.8377
782,1,1245,643,98,43,0.8387
783,1,1247,643,96,42,0.8363
784,1,1248,643,95,42,0.8335
785,1,1250,644,94,41,0.8335
786,1,1251,644,94,41,0.8357
787,1,1252,643,94,43,0.8353
788,1,1252,644,94,42,0.8389
789,1,1252,644,94,42,0.8352
790,1,1251,644,95,43,0.8420
791,1,1252,644,96,43,0.8379
792,1,1252,645,95,42,0.8386
793,1,1251,645,96,43,0.8454
794,1,1251,645,97,43,0.8451
795,1,1250,645,99,44,0.8505
796,1,1250,646,98,43,0.8490
797,1,1251,647,98,42,0.8497
798,1,1251,648,99,42,0.8583
799,1,1250,648,102,42,0.8598
800,1,1252,648,103,43,0.8450
801,1,1254,648,104,44,0.8492
802,1,1251,647,107,45,0.8475
803,1,1250,647,108,46,0.8558
804,1,1250,647,110,46,0.8560
805,1,1250,648,110,46,0.8584
806,1,1249,648,110,46,0.8571
807,1,1251,648,110,46,0.8519
808,1,1252,648,110,46,0.8455
809,1,1255,648,110,45,0.8368
810,1,1258,648,108,45,0.8411
811,1,1258,648,107,45,0.8367
812,1,1255,648,109,46,0.8361
813,1,1252,649,111,46,0.8420
814,1,1251,650,112,45,0.8430
815,1,1250,650,114,46,0.8450
816,1,1250,651,115,46,0.8495
817,1,1250,651,116,47,0.8506
818,1,1249,651,118,47,0.8518
819,1,1249,652,119,47,0.8458
820,1,1248,652,121,48,0.8455
821,1,1250,652,121,48,0.8400
822,1,1254,653,119,47,0.8470
823,1,1256,653,117,46,0.8498
824,1,1254,654,119,46,0.8483
825,1,1252,654,121,47,0.8513
826,1,1251,654,121,48,0.8555
827,1,1250,654,123,48,0.8558
828,1,1249,654,124,49,0.8579
829,1,1248,654,125,49,0.8551
830,1,1247,654,126,50,0.8556
831,1,1247,655,126,50,0.8586
832,1,1249,655,123,49,0.8527
833,1,1250,655,121,49,0.8514
834,1,1250,656,121,48,0.8441
835,1,1250,656,120,48,0.8440
836,1,1251,657,118,46,0.8488
837,1,1251,656,119,48,0.8553
838,1,1250,656,120,48,0.8571
839,1,1250,657,120,47,0.8547
840,1,1250,657,120,48,0.8577
841,1,1250,658,118,47,0.8589
842,1,1250,659,117,47,0.8542
843,1,1251,659,114,47,0.8547
844,1,1251,660,114,46,0.8525
845,1,1251,660,114,46,0.8531
846,1,1251,661,113,46,0.8542
847,1,1252,662,111,45,0.8457
848,1,1253,663,109,45,0.8459
849,1,1253,663,109,45,0.8466
850,1,1253,663,109,45,0.8561
851,1,1255,663,104,44,0.8482
852,1,1255,664,105,43,0.8446
853,1,1255,664,105,44,0.8391
854,1,1255,665,105,44,0.8383
855,1,1254,665,107,45,0.8383
856,1,1254,666,107,45,0.8354
857,1,1254,666,108,46,0.8397
858,1,1253,666,110,46,0.8422
859,1,1253,666,110,46,0.8443
860,1,1253,666,109,46,0.8453
861,1,1253,666,109,47,0.8472
862,1,1253,666,109,47,0.8440
863,1,1254,667,108,46,0.8453
864,1,1255,667,106,46,0.8515
865,1,1254,668,107,45,0.8537
866,1,1255,668,106,45,0.8516
867,1,1254,669,107,45,0.8578
868,1,1254,670,107,45,0.8561
869,1,1253,671,107,45,0.8522
870,1,1252,671,108,45,0.8604
871,1,1250,671,110,46,0.8562
872,1,1250,671,108,46,0.8647
873,1,1247,671,110,47,0.8734
874,1,1246,671,110,47,0.8734
875,1,1243,670,112,49,0.8738
876,1,1241,670,111,49,0.8588
877,1,1234,670,116,51,0.8544
878,1,1230,671,116,51,0.8569
879,1,1228,672,116,51,0.8621
880,1,1224,672,115,51,0.8614
881,1,1220,673,114,50,0.8555
882,1,1218,672,111,50,0.8436
883,1,1211,672,116,53,0.8507
884,1,1208,674,110,49,0.8546
885,1,1201,675,108,48,0.8413
886,1,1191,673,113,51,0.8447
887,1,1187,676,111,50,0.8456
888,1,1179,675,114,52,0.8469
889,1,1171,677,112,50,0.8554
890,1,1163,677,113,51,0.8513
891,1,1154,678,111,50,0.8476
892,1,1146,679,106,48,0.8494
893,1,1137,680,105,47,0.8534
894,1,1130,681,103,46,0.8531
895,1,1118,682,106,47,0.8439
896,1,1113,683,100,44,0.8379
897,1,1102,683,102,44,0.8500
898,1,1093,682,99,43,0.8364
899,1,1081,683,97,41,0.8142
900,1,1069,684,101,43,0.8484
901,1,1057,683,103,44,0.8428
902,1,1048,683,102,43,0.8575
903,1,1038,684,103,43,0.8327
904,1,1029,684,100,41,0.8248
905,1,1015,683,107,45,0.8294
906,1,1006,684,104,42,0.8131
907,1,997,683,105,43,0.8425
908,1,989,683,103,41,0.8282
909,1,982,682,101,41,0.8125
910,1,975,683,104,42,0.8123
911,1,962,683,115,48,0.8037
912,1,955,682,115,48,0.7635
913,1,941,681,128,53,0.8062
914,1,933,681,131,55,0.8370
915,1,931,682,126,54,0.8167
916,1,932,685,118,52,0.7892
917,1,931,687,111,49,0.7635
918,1,928,687,112,49,0.7963
919,1,926,690,106,46,0.7983
920,1,923,689,106,46,0.8210
921,1,922,691,105,45,0.8140
922,1,918,691,107,46,0.8351
923,1,915,691,109,47,0.8294
924,1,913,692,108,47,0.8306
925,1,913,695,105,45,0.8108
926,1,909,694,105,46,0.7940
927,1,909,695,102,43,0.5950
928,1,906,695,106,46,0.7788
929,1,904,697,104,44,0.7863
930,1,903,697,104,45,0.7928
931,1,903,698,103,44,0.7329
932,1,901,698,105,45,0.7416
933,1,899,699,104,45,0.8013
934,1,897,698,103,45,0.8202
935,1,894,697,106,46,0.8205
936,1,892,697,108,46,0.8293
937,1,890,697,108,47,0.8126
938,1,889,698,108,46,0.8000
939,1,888,698,109,46,0.7656
940,1,889,698,106,45,0.7984
941,1,890,698,106,45,0.8117
942,1,890,698,106,45,0.8299
943,1,890,698,107,46,0.8276
944,1,889,698,108,46,0.8254
945,1,889,698,109,47,0.8319
946,1,890,698,109,47,0.8287
947,1,889,697,110,48,0.8361
948,1,890,697,108,47,0.8236
949,1,895,696,100,42,0.6792
950,1,893,695,105,44,0.7723
951,1,897,695,104,44,0.7716
952,1,897,694,105,44,0.7496
953,1,899,692,104,44,0.7697
954,1,899,690,107,44,0.7820
955,1,898,687,110,46,0.8005
956,1,900,685,112,48,0.8096
957,1,904,683,112,48,0.7737
958,1,906,679,115,50,0.7945
959,1,911,678,109,48,0.8206
960,1,913,677,107,48,0.8120
961,1,914,676,104,48,0.8176
962,1,916,676,101,46,0.8032
963,1,914,674,102,47,0.8005
964,1,914,672,100,47,0.8092
965,1,913,671,103,48,0.8172
966,1,915,671,102,48,0.8061
967,1,915,671,99,47,0.7765
968,1,914,671,96,45,0.7991
969,1,916,670,94,44,0.7903
970,1,918,669,94,45,0.7885
971,1,919,668,95,45,0.7711
972,1,920,668,95,44,0.7300
973,1,923,668,92,42,0.6058
974,1,923,667,92,43,0.7093
975,1,922,668,94,44,0.6984
976,1,921,668,96,45,0.7077
977,1,920,668,97,45,0.6049
978,1,919,668,101,47,0.6803
979,1,918,668,104,49,0.7516
980,1,919,669,98,47,0.7417
981,1,920,669,93,45,0.7467
982,1,921,669,91,44,0.7601
983,1,920,668,95,47,0.7823
984,1,924,669,91,44,0.7089
985,1,924,669,93,45,0.7380
986,1,926,668,97,47,0.7589
987,1,927,667,99,47,0.7647
988,1,924,666,107,51,0.7767
989,1,925,666,105,50,0.6983
991,1,922,666,110,52,0.7256
992,1,920,666,113,54,0.7702
993,1,920,666,113,54,0.7854
994,1,921,665,112,54,0.7671
995,1,918,667,102,49,0.7448
996,1,919,667,95,47,0.7010
997,1,923,667,98,48,0.7430
998,1,926,666,90,44,0.5965
999,1,924,665,102,49,0.7718
1000,1,923,665,102,50,0.7827
1001,1,926,666,93,45,0.6504
1002,1,927,667,94,45,0.7799
1003,1,928,667,92,44,0.7514
1006,1,933,668,96,45,0.7160
1007,1,936,668,96,44,0.6868
1008,1,938,669,95,42,0.6708
1010,1,954,669,89,39,0.5600
1011,1,959,669,91,40,0.7626
1012,1,956,667,98,42,0.7751
1013,1,951,666,107,45,0.7767
1014,1,965,668,99,42,0.6474
1015,1,972,668,95,41,0.7594
1016,1,971,665,100,43,0.6798
1017,1,978,665,92,40,0.7439
1018,1,985,663,89,39,0.7779
1019,1,988,661,85,38,0.7818
1020,1,986,660,89,39,0.7935
1021,1,990,659,89,40,0.8027
1022,1,991,658,88,40,0.8351
1023,1,992,656,93,42,0.8238
1024,1,994,655,93,43,0.8323
1025,1,997,654,93,42,0.8395
1026,1,1000,652,94,43,0.8341
1027,1,1004,651,92,42,0.8233
1028,1,1007,650,93,43,0.8265
1029,1,1008,648,93,43,0.8211
1030,1,1010,647,93,43,0.8071
1031,1,1011,647,92,42,0.7727
1032,1,1019,647,88,40,0.8031
1033,1,1026,647,85,39,0.8088
1034,1,1033,647,82,38,0.8275
1035,1,1035,646,82,38,0.8298
1036,1,1036,646,83,38,0.8274
1037,1,1040,646,81,38,0.8169
1038,1,1042,646,81,38,0.8095
1039,1,1043,646,80,38,0.8236
1040,1,1043,646,82,38,0.8304
1041,1,1044,645,82,39,0.8258
1042,1,1046,646,81,38,0.8214
1043,1,1048,646,80,38,0.8157
1044,1,1050,646,79,37,0.8130
1045,1,1050,647,80,37,0.8123
1046,1,1049,646,82,38,0.8289
1047,1,1049,647,83,37,0.8279
1048,1,1049,646,83,38,0.8341
1049,1,1049,647,83,37,0.8371
1050,1,1048,646,85,38,0.8393
1051,1,1049,647,85,38,0.8393
1052,1,1050,647,85,38,0.8500
1053,1,1050,647,86,38,0.8485
1054,1,1050,647,86,38,0.8453
1055,1,1050,647,85,38,0.8392
1056,1,1049,647,86,38,0.8264
1057,1,1050,648,86,37,0.8304
1058,1,1049,648,87,37,0.8244
1059,1,1049,648,89,38,0.8236
1060,1,1050,648,89,38,0.8141
1061,1,1051,647,92,40,0.8082
1062,1,1053,647,92,40,0.8302
1063,1,1053,647,93,40,0.8281
1064,1,1053,647,93,40,0.8210
1065,1,1053,647,93,40,0.8256
1066,1,1054,647,92,39,0.8307
1067,1,1054,647,93,40,0.8355
1068,1,1053,647,95,40,0.8297
1069,1,1053,647,96,40,0.8349
1070,1,1054,647,97,41,0.8429
1071,1,1053,646,98,42,0.8402
1072,1,1054,646,98,42,0.8406
1073,1,1054,646,99,42,0.8440
1074,1,1054,646,100,42,0.8357
1075,1,1055,646,101,43,0.8403
1076,1,1055,645,103,44,0.8395
1077,1,1055,645,103,43,0.8373
1078,1,1056,645,101,43,0.8361
1079,1,1055,644,103,44,0.8436
1080,1,1055,644,102,43,0.8469
1081,1,1055,644,102,43,0.8419
1082,1,1055,644,102,43,0.8393
1083,1,1055,644,101,43,0.8378
1084,1,1055,644,101,43,0.8360
1085,1,1056,643,103,44,0.8252
1086,1,1057,643,105,45,0.8225
1087,1,1057,643,109,46,0.8277
1088,1,1057,643,110,45,0.8257
1089,1,1057,642,112,46,0.8310
1090,1,1056,642,114,46,0.8300
1091,1,1056,641,114,47,0.8276
1092,1,1056,641,115,46,0.8254
1093,1,1056,641,115,46,0.8219
1094,1,1057,640,114,46,0.8250
1095,1,1057,639,115,46,0.8238
1096,1,1057,639,115,46,0.8266
1097,1,1058,640,115,45,0.8336
1098,1,1059,640,114,45,0.8339
1099,1,1059,639,114,45,0.8329
1100,1,1059,639,114,45,0.8344
1101,1,1059,639,114,45,0.8335
1102,1,1059,639,115,45,0.8330
1103,1,1059,638,116,46,0.8293
1104,1,1059,638,117,46,0.8367
1105,1,1059,638,117,46,0.8343
1106,1,1058,637,118,47,0.8396
1107,1,1058,637,119,47,0.8385
1108,1,1058,637,118,46,0.8339
1109,1,1059,636,117,47,0.8331
1110,1,1059,636,117,47,0.8359
1111,1,1060,636,115,46,0.8330
1112,1,1061,637,114,45,0.8351
1113,1,1061,637,114,45,0.8261
1114,1,1061,636,115,46,0.8326
1115,1,1061,636,116,46,0.8345
1116,1,1061,635,117,47,0.8332
1117,1,1062,635,117,47,0.8293
1118,1,1063,635,116,46,0.8350
1119,1,1063,634,116,47,0.8378
1120,1,1061,633,117,47,0.8442
1121,1,1063,633,116,46,0.8469
1122,1,1068,633,112,45,0.8433
1123,1,1067,632,112,45,0.8513
1124,1,1068,631,111,45,0.8479
1125,1,1067,629,113,47,0.8509
1126,1,1070,628,109,45,0.8561
1127,1,1072,627,106,44,0.8372
1128,1,1073,624,105,44,0.8401
1129,1,1075,623,103,43,0.8346
1130,1,1078,621,100,42,0.8172
1131,1,1078,619,100,43,0.8202
1132,1,1075,616,101,44,0.7996
1133,1,1076,615,100,42,0.7826
1134,1,1076,614,96,41,0.7956
1135,1,1075,613,95,41,0.7923
1136,1,1077,612,93,40,0.7475
1137,1,1079,612,94,40,0.7800
1138,1,1079,611,95,41,0.8009
1139,1,1078,611,94,40,0.8057
1140,1,1076,611,96,40,0.8026
1141,1,1076,610,97,42,0.8024
1142,1,1076,610,99,42,0.8102
1143,1,1076,609,100,43,0.8087
1144,1,1077,609,100,42,0.8039
1145,1,1078,609,100,42,0.8036
1146,1,1078,609,101,42,0.8042
1147,1,1078,609,101,43,0.8096
1148,1,1078,609,101,43,0.8076
1149,1,1078,609,101,42,0.8055
1150,1,1079,609,100,42,0.8046
1151,1,1079,609,100,42,0.8162
1152,1,1079,610,100,41,0.8218
1153,1,1080,610,98,41,0.8197
1154,1,1080,611,97,40,0.8231
1155,1,1080,611,96,40,0.8282
1156,1,1082,612,94,40,0.8054
1157,1,1082,612,95,40,0.7983
1158,1,1080,614,91,38,0.7718
1159,1,1081,614,91,38,0.7749
1160,1,1084,614,90,38,0.7526
1161,1,1082,615,89,37,0.7713
1162,1,1080,616,93,39,0.7986
1163,1,1082,617,90,37,0.7787
1164,1,1080,618,98,41,0.8003
1165,1,1081,619,99,41,0.8076
1166,1,1081,620,97,40,0.8021
1167,1,1078,621,96,40,0.8117
1168,1,1078,622,95,39,0.8235
1169,1,1080,622,93,39,0.8214
1170,1,1081,622,92,39,0.8196
1171,1,1080,623,92,39,0.8214
1172,1,1080,623,91,39,0.8177
1173,1,1081,623,89,38,0.8217
1174,1,1081,623,89,38,0.8219
1175,1,1081,623,90,39,0.8260
1176,1,1082,623,90,38,0.8262
1177,1,1082,623,89,38,0.8242
1178,1,1081,623,90,38,0.8224
1179,1,1081,622,90,39,0.8196
1180,1,1081,622,90,39,0.8216
1181,1,1081,622,93,40,0.8269
1182,1,1080,622,94,40,0.8420
1183,1,1080,622,92,39,0.8312
1184,1,1084,622,89,38,0.8284
1185,1,1083,622,90,39,0.8321
1186,1,1079,620,98,42,0.8370
1187,1,1078,619,99,43,0.8352
1188,1,1078,619,98,42,0.8264
1189,1,1081,619,95,41,0.8212
1190,1,1083,618,90,40,0.8098
1191,1,1083,618,90,39,0.8175
1192,1,1079,618,94,41,0.8208
1193,1,1077,617,96,42,0.8076
1194,1,1075,617,96,42,0.8180
1195,1,1074,617,96,42,0.8330
1196,1,1073,615,96,43,0.8224
1197,1,1074,615,94,43,0.8156
1198,1,1073,615,95,43,0.8298
1199,1,1064,614,101,45,0.8231
1200,1,1059,613,106,47,0.8219
1201,1,1058,613,103,46,0.7948
1202,1,1061,612,98,44,0.7729
1203,1,1055,610,106,47,0.8253
1204,1,1053,609,106,47,0.8321
1205,1,1057,608,99,44,0.8178
1206,1,1056,607,99,45,0.8232
1207,1,1051,607,100,45,0.8298
1208,1,1053,606,98,45,0.8372
1209,1,1048,606,98,45,0.8547
1210,1,1044,605,100,46,0.8589
1211,1,1044,605,99,44,0.8567
1212,1,1041,603,101,47,0.8620
1213,1,1040,602,101,47,0.8590
1214,1,1039,601,99,46,0.8422
1215,1,1041,602,95,44,0.8452
1216,1,1036,601,95,45,0.8110
1217,1,1035,600,91,43,0.8050
1218,1,1029,600,88,41,0.7870
1219,1,1022,599,92,43,0.7927
1220,1,1016,596,97,45,0.6937
1221,1,1012,595,101,46,0.8015
1222,1,1008,595,102,46,0.5798
1223,1,1005,594,101,46,0.6483
1224,1,1000,594,106,47,0.8038
1225,1,995,592,111,50,0.7999
1226,1,991,592,113,50,0.6868
1227,1,992,590,110,50,0.6205
1228,1,987,590,115,51,0.7492
1229,1,984,589,117,53,0.8146
1230,1,981,588,114,52,0.8235
1231,1,978,586,113,52,0.7858
1232,1,977,584,114,53,0.8251
1233,1,974,584,114,52,0.8497
1234,1,971,581,117,54,0.8546
1235,1,969,579,120,56,0.8562
1236,1,967,578,121,56,0.8526
1237,1,963,576,124,58,0.8512
1238,1,963,576,122,58,0.8494
1239,1,962,576,123,58,0.8469
1240,1,960,576,125,59,0.8429
1241,1,960,576,123,59,0.8459
1242,1,963,577,118,56,0.8402
1243,1,965,577,115,55,0.8407
1244,1,964,577,116,55,0.8489
1245,1,965,578,115,54,0.8508
1246,1,965,578,114,54,0.8492
1247,1,965,578,114,54,0.8484
1248,1,965,578,114,54,0.8493
1249,1,965,578,115,54,0.8484
1250,1,965,579,115,53,0.8506
1251,1,965,579,116,53,0.8486
1252,1,965,578,116,54,0.8521
1253,1,965,578,116,54,0.8500
1254,1,966,579,115,53,0.8497
1255,1,966,579,115,53,0.8506
1256,1,967,580,115,52,0.8509
1257,1,967,580,115,52,0.8475
1258,1,967,580,115,52,0.8457
1259,1,966,579,117,53,0.8456
1260,1,966,579,117,53,0.8391
1261,1,966,579,119,53,0.8431
1262,1,966,579,120,54,0.8408
1263,1,968,579,119,54,0.8432
1264,1,970,579,117,53,0.8465
1265,1,971,578,118,54,0.8407
1266,1,972,579,117,54,0.8459
1267,1,973,579,116,52,0.8446
1268,1,974,579,115,52,0.8436
1269,1,976,580,112,51,0.8412
1270,1,975,580,113,51,0.8380
1271,1,974,579,118,54,0.8313
1272,1,980,579,110,51,0.7777
1273,1,981,579,109,51,0.8007
1274,1,986,579,103,48,0.6158
1275,1,991,581,97,44,0.5810
1276,1,984,581,111,52,0.7990
1277,1,984,581,113,54,0.8257
1278,1,986,581,111,53,0.8115
1279,1,986,581,112,54,0.8235
1280,1,988,581,111,54,0.8367
1281,1,989,581,110,54,0.8380
1282,1,993,580,107,53,0.8395
1283,1,992,580,108,54,0.8498
1284,1,993,579,109,55,0.8398
1285,1,994,579,111,56,0.8270
1286,1,994,579,112,56,0.8283
1287,1,995,579,112,57,0.8395
1288,1,995,579,113,57,0.8485
1289,1,996,579,112,57,0.8402
1290,1,997,579,111,56,0.8434
1291,1,999,580,109,55,0.8316
1292,1,999,580,109,54,0.8331
1293,1,1003,581,104,52,0.8185
1294,1,1003,581,106,52,0.8165
1295,1,1002,580,110,53,0.8304
1296,1,1002,581,111,52,0.8065
1297,1,1002,582,111,51,0.8132
1298,1,1001,582,112,52,0.8099
1299,1,1001,583,113,51,0.8096
1300,1,1006,583,105,48,0.7959
1301,1,1007,583,101,45,0.7988
1302,1,998,582,116,51,0.8261
1303,1,995,581,122,54,0.8309
1304,1,994,581,125,55,0.8239
1305,1,996,582,123,54,0.8038
1306,1,994,582,126,55,0.8067
1307,1,993,582,128,56,0.8127
1308,1,993,581,129,56,0.8235
1309,1,994,581,127,55,0.8208
1310,1,994,580,127,55,0.8150
1311,1,994,580,127,54,0.8198
1312,1,996,581,124,52,0.8227
1313,1,998,581,121,51,0.8224
1314,1,995,580,126,54,0.8178
1315,1,993,579,130,56,0.8184
1316,1,992,579,131,56,0.8119
1317,1,989,579,134,57,0.8152
1318,1,988,578,135,58,0.8176
1319,1,987,578,137,58,0.8141
1320,1,988,578,136,58,0.8049
1321,1,989,577,136,58,0.8069
1322,1,990,577,136,58,0.8087
1323,1,992,577,136,58,0.8068
1324,1,992,577,138,58,0.7973
1325,1,993,577,140,58,0.7951
1326,1,993,577,140,58,0.7899
1327,1,993,577,140,58,0.7957
1328,1,993,578,140,58,0.7622
1330,1,992,578,139,57,0.7087
1331,1,991,578,138,56,0.6295
1332,1,992,578,138,56,0.7830
1333,1,992,578,137,55,0.7969
1334,1,989,578,139,56,0.7902
1335,1,987,578,140,56,0.7888
1336,1,983,578,142,57,0.8089
1337,1,981,578,142,56,0.8003
1338,1,979,577,142,57,0.8272
1339,1,977,577,141,57,0.8291
1340,1,975,577,140,57,0.8234
1341,1,972,577,141,58,0.8251
1342,1,971,577,139,57,0.8101
1343,1,971,578,136,55,0.8269
1344,1,965,577,141,59,0.8196
1345,1,960,577,146,61,0.7813
1346,1,958,578,144,60,0.7695
1347,1,960,579,137,58,0.8137
1348,1,957,581,134,56,0.8242
1349,1,954,581,133,56,0.8326
1350,1,953,582,128,54,0.8396
1351,1,950,582,129,54,0.8305
1352,1,946,581,131,54,0.8354
1353,1,943,580,130,54,0.8210
1354,1,938,582,128,52,0.8213
1355,1,935,582,126,52,0.8268
1356,1,932,583,124,51,0.8220
1357,1,930,584,117,48,0.8254
1358,1,925,584,117,47,0.8124
1359,1,920,584,117,47,0.8130
1360,1,915,584,118,47,0.8229
1361,1,911,584,117,47,0.8362
1362,1,905,584,118,48,0.8430
1363,1,901,585,119,47,0.8499
1364,1,898,585,119,47,0.8360
1365,1,892,585,122,49,0.8433
1366,1,887,585,122,48,0.8526
1367,1,881,585,123,49,0.8557
1368,1,877,586,123,48,0.8708
1369,1,873,586,123,48,0.8550
1370,1,869,587,121,48,0.8520
1371,1,865,586,121,49,0.8523
1372,1,861,587,119,47,0.8361
1373,1,855,587,121,48,0.8629
1374,1,852,588,118,47,0.8622
1375,1,849,588,117,47,0.8487
1376,1,843,589,119,48,0.8443
1377,1,839,588,118,48,0.8553
1378,1,835,589,117,47,0.8451
1379,1,831,589,117,47,0.8640
1380,1,828,589,116,47,0.8614
1381,1,826,589,116,47,0.8608
1382,1,822,589,119,48,0.8457
1383,1,821,590,116,47,0.8305
1384,1,817,590,118,47,0.8381
1385,1,813,590,117,47,0.8336
1386,1,809,590,120,48,0.8459
1387,1,807,590,119,48,0.8478
1388,1,805,589,119,49,0.8565
1389,1,803,589,119,49,0.8556
1390,1,801,589,119,49,0.8478
1391,1,801,589,118,48,0.8575
1392,1,800,589,118,47,0.8378
1393,1,799,589,118,48,0.8395
1394,1,799,589,117,47,0.8368
1395,1,797,588,119,49,0.8422
1396,1,795,588,120,48,0.8377
1397,1,795,588,119,48,0.8377
1398,1,794,588,118,48,0.8387
1399,1,792,587,119,49,0.8389
1400,1,790,587,121,49,0.8478
1401,1,789,587,122,49,0.8460
1402,1,789,586,122,50,0.8575
1403,1,788,586,123,50,0.8540
1404,1,788,586,122,50,0.8519
1405,1,789,586,121,49,0.8464
1406,1,789,586,121,49,0.8498
1407,1,789,586,120,49,0.8446
1408,1,789,586,121,49,0.8453
1409,1,787,586,121,49,0.8486
1410,1,787,586,121,50,0.8486
1411,1,787,586,120,49,0.8482
1412,1,787,586,120,49,0.8440
1413,1,786,586,120,49,0.8499
1414,1,786,586,119,49,0.8539
1415,1,785,586,120,49,0.8584
1416,1,786,586,119,49,0.8592
1417,1,786,586,119,49,0.8635
1418,1,785,586,119,49,0.8586
1419,1,784,586,120,49,0.8649
1420,1,784,585,120,50,0.8688
1421,1,783,586,121,49,0.8707
1422,1,783,585,121,50,0.8705
1423,1,784,585,120,50,0.8714
1424,1,783,586,120,49,0.8701
1425,1,783,586,120,49,0.8697
1426,1,783,586,120,49,0.8701
1427,1,784,586,119,49,0.8683
1428,1,784,586,118,49,0.8666
1429,1,783,586,119,49,0.8722
1430,1,783,586,119,49,0.8714
1431,1,783,586,119,49,0.8714
1432,1,783,586,119,49,0.8685
1433,1,783,587,118,48,0.8690
1434,1,783,587,119,48,0.8711
1435,1,783,586,119,49,0.8743
1436,1,783,587,119,48,0.8751
1437,1,783,587,117,48,0.8689
1438,1,782,587,119,48,0.8701
1439,1,782,587,118,48,0.8737
1440,1,781,586,119,49,0.8722
1441,1,781,587,119,48,0.8725
1442,1,781,587,118,48,0.8731
1443,1,781,587,117,48,0.8683
1444,1,781,587,117,48,0.8720
1445,1,781,588,116,47,0.8695
1446,1,781,588,116,47,0.8705
1447,1,781,588,116,47,0.8731
1448,1,781,587,115,48,0.8689
1449,1,780,587,117,48,0.8669
1450,1,778,586,120,49,0.8716
1451,1,777,586,121,50,0.8565
1452,1,776,586,122,50,0.8614
1453,1,776,586,122,50,0.8635
1454,1,776,586,121,50,0.8624
1455,1,776,586,120,49,0.8610
1456,1,777,586,118,48,0.8649
1457,1,778,586,117,48,0.8664
1458,1,777,586,118,48,0.8570
1459,1,777,586,118,48,0.8648
1460,1,776,586,119,49,0.8640
1461,1,776,586,119,50,0.8582
1462,1,775,586,120,50,0.8514
1463,1,775,586,120,50,0.8530
1464,1,774,586,121,50,0.8506
1465,1,774,586,121,50,0.8529
1466,1,774,586,120,50,0.8510
1467,1,774,586,121,50,0.8562
1468,1,774,586,121,50,0.8600
1469,1,773,586,121,50,0.8532
1470,1,773,586,121,50,0.8558
1471,1,773,585,121,50,0.8592
1472,1,773,585,121,50,0.8588
1473,1,774,585,119,50,0.8549
1474,1,774,585,119,49,0.8556
1475,1,775,585,118,49,0.8533
1476,1,775,585,118,49,0.8563
1477,1,775,585,119,49,0.8552
1478,1,775,585,119,49,0.8553
1479,1,774,585,120,49,0.8571
1480,1,773,585,121,49,0.8594
1481,1,774,585,119,49,0.8522
1482,1,773,585,120,49,0.8530
1483,1,773,585,120,49,0.8544
1484,1,773,585,120,49,0.8547
1485,1,773,585,120,49,0.8553
1486,1,772,585,121,49,0.8544
1487,1,772,585,121,50,0.8527
1488,1,772,585,121,50,0.8566
1489,1,772,585,121,50,0.8539
1490,1,772,585,121,50,0.8548
1491,1,773,585,121,50,0.8566
1492,1,772,586,122,49,0.8559
1493,1,772,585,122,50,0.8562
1494,1,773,586,120,49,0.8504
1495,1,772,586,121,49,0.8527
1496,1,772,586,121,49,0.8501
1497,1,771,586,121,49,0.8464
1498,1,771,586,120,49,0.8462
1499,1,771,586,120,49,0.8462
1500,1,770,586,121,50,0.8449
1501,1,769,586,122,50,0.8523
1502,1,769,586,122,50,0.8564
1503,1,770,586,122,50,0.8542
1504,1,770,586,121,50,0.8483
1505,1,770,586,120,50,0.8514
1506,1,771,586,119,50,0.8469
1507,1,771,586,118,50,0.8473
1508,1,771,586,118,50,0.8492
1509,1,771,586,118,50,0.8472
1510,1,771,586,117,50,0.8467
1511,1,772,587,116,49,0.8404
1512,1,771,586,116,49,0.8463
1513,1,771,587,116,48,0.8442
1514,1,773,587,113,48,0.8430
1515,1,772,587,113,48,0.8462
1516,1,772,587,112,48,0.8503
1517,1,772,587,111,48,0.8527
1518,1,772,587,112,48,0.8531
1519,1,772,587,111,48,0.8557
1520,1,771,586,112,49,0.8606
1521,1,771,586,112,49,0.8577
1522,1,771,586,112,49,0.8528
1523,1,772,586,111,49,0.8541
1524,1,771,587,112,49,0.8586
1525,1,771,587,112,49,0.8569
1526,1,771,586,112,50,0.8546
1527,1,771,587,111,49,0.8588
1528,1,771,587,111,49,0.8588
1529,1,771,587,110,49,0.8529
1530,1,772,587,109,48,0.8497
1531,1,773,588,108,48,0.8477
1532,1,773,588,109,48,0.8515
1533,1,774,588,107,48,0.8500
1534,1,774,588,108,48,0.8520
1535,1,774,588,108,48,0.8475
1536,1,774,588,108,48,0.8502
1537,1,774,589,107,47,0.8454
1538,1,774,588,109,48,0.8503
1539,1,774,588,109,48,0.8494
1540,1,774,588,110,48,0.8506
1541,1,774,588,110,48,0.8505
1542,1,773,588,112,48,0.8561
1543,1,773,588,113,48,0.8557
1544,1,774,588,112,48,0.8493
1545,1,774,588,113,48,0.8488
1546,1,773,588,114,48,0.8475
1547,1,773,588,114,48,0.8475
1548,1,772,588,115,49,0.8460
1549,1,772,588,115,49,0.8508
1550,1,771,587,117,50,0.8570
1551,1,771,587,117,50,0.8549
1552,1,771,587,117,50,0.8535
1553,1,771,588,117,48,0.8520
1554,1,771,588,117,49,0.8506
1555,1,770,588,118,49,0.8571
1556,1,771,587,118,49,0.8566
1557,1,771,587,119,49,0.8589
1558,1,772,587,119,49,0.8595
1559,1,770,587,121,50,0.8627
1560,1,770,587,122,50,0.8567
1561,1,768,587,123,50,0.8572
1562,1,768,587,123,50,0.8570
1563,1,766,587,124,51,0.8608
1564,1,765,587,125,51,0.8597
1565,1,764,587,126,51,0.8561
1566,1,765,587,126,51,0.8583
1567,1,765,587,126,51,0.8578
1568,1,764,587,127,51,0.8568
1569,1,764,587,127,51,0.8558
1570,1,764,587,128,51,0.8556
1571,1,764,587,128,51,0.8572
1572,1,762,586,128,52,0.8615
1573,1,761,586,128,52,0.8561
1574,1,761,587,127,51,0.8530
1575,1,760,586,128,52,0.8555
1576,1,760,586,128,51,0.8573
1577,1,761,587,127,50,0.8540
1578,1,761,586,126,51,0.8542
1579,1,760,586,127,51,0.8549
1580,1,761,587,126,50,0.8572
1581,1,761,587,126,50,0.8597
1582,1,760,587,126,50,0.8503
1583,1,760,587,125,50,0.8541
1584,1,760,587,127,51,0.8503
1585,1,760,587,127,51,0.8497
1586,1,761,587,127,51,0.8521
1587,1,761,586,129,52,0.8635
1588,1,761,586,129,52,0.8610
1589,1,762,586,128,51,0.8540
1590,1,761,586,126,51,0.8519
1591,1,760,586,127,51,0.8539
1592,1,760,586,128,51,0.8549
1593,1,763,586,127,51,0.8557
1594,1,764,586,127,51,0.8560
1595,1,762,585,131,53,0.8631
1596,1,762,585,133,54,0.8680
1597,1,762,585,135,55,0.8677
1598,1,762,584,136,56,0.8658
1599,1,764,585,135,55,0.8627
1600,1,767,585,133,56,0.8593
1601,1,769,585,132,55,0.8560
1602,1,772,585,131,55,0.8515
1603,1,776,585,130,55,0.8618
1604,1,778,586,129,54,0.8509
1605,1,781,585,131,55,0.8645
1606,1,783,585,135,57,0.8629
1607,1,786,585,135,57,0.8550
1608,1,792,586,133,57,0.8512
1609,1,796,587,133,57,0.8467
1610,1,802,587,131,56,0.8619
1611,1,808,587,130,57,0.8618
1612,1,813,588,130,56,0.8533
1613,1,819,590,127,55,0.8475
1614,1,828,591,123,53,0.8420
1615,1,833,592,122,53,0.8340
1616,1,842,593,118,52,0.8443
1617,1,850,594,114,49,0.8469
1618,1,856,596,112,48,0.8445
1619,1,863,597,112,47,0.8308
1620,1,870,597,113,47,0.8322
1621,1,875,598,113,46,0.8375
1622,1,883,599,111,45,0.7917
1623,1,891,598,106,42,0.7529
1624,1,898,597,102,41,0.7838
1625,1,904,598,102,39,0.6546
1626,1,905,600,112,43,0.7822
1627,1,911,601,107,41,0.6946
1628,1,915,602,103,39,0.7424
1629,1,921,602,92,35,0.7089
1631,1,926,602,92,34,0.6226
1632,1,926,601,97,36,0.7335
1633,1,929,601,93,34,0.7091
1634,1,928,601,98,36,0.7545
1635,1,929,601,99,36,0.7573
1636,1,930,601,99,36,0.7296
1637,1,930,601,102,38,0.7441
1638,1,931,601,100,38,0.7399
1639,1,933,601,99,37,0.7546
1640,1,933,600,100,37,0.6949
1641,1,934,599,103,38,0.7658
1642,1,939,598,112,42,0.7568
1643,1,941,598,116,42,0.7684
1644,1,940,596,129,47,0.6981
1646,1,940,594,135,49,0.7356
1647,1,942,594,127,46,0.7830
1648,1,946,594,118,43,0.7665
1649,1,945,593,120,43,0.6842
1650,1,941,592,128,45,0.7499
1651,1,940,592,130,46,0.7560
1652,1,941,592,129,46,0.7279
1653,1,941,591,125,44,0.7833
1654,1,938,589,129,46,0.7774
1655,1,941,589,125,45,0.7863
1656,1,939,588,131,47,0.7901
1657,1,939,587,134,48,0.7789
1658,1,939,587,134,49,0.7767
1659,1,943,588,122,44,0.6024
1660,1,942,587,124,45,0.7127
1661,1,942,587,127,45,0.7549
1662,1,942,586,128,46,0.7859
1663,1,943,586,125,45,0.8018
1664,1,944,586,124,45,0.8079
1665,1,943,585,125,46,0.8097
1666,1,941,584,127,47,0.8220
1667,1,940,584,129,47,0.8228
1668,1,940,584,129,47,0.8278
1669,1,941,584,128,47,0.8320
1670,1,941,584,127,47,0.8286
1671,1,941,584,126,47,0.8157
1672,1,941,584,127,48,0.8279
1673,1,939,583,130,49,0.8208
1674,1,940,584,129,48,0.8043
1675,1,944,585,122,47,0.8103
1676,1,943,586,126,47,0.7807
1677,1,943,586,126,47,0.7578
1678,1,944,587,123,45,0.7148
1679,1,940,586,126,47,0.7623
1680,1,937,586,127,47,0.7507
1681,1,934,586,125,47,0.7276
1682,1,932,586,124,46,0.7484
1683,1,934,585,125,47,0.7654
1684,1,934,584,131,49,0.7865
1685,1,936,584,129,49,0.8039
1686,1,938,584,126,48,0.7963
1687,1,937,583,127,48,0.8093
1688,1,936,582,127,48,0.8024
1689,1,934,580,133,51,0.8186
1690,1,935,580,132,50,0.8084
1691,1,935,579,129,49,0.8134
1692,1,935,578,131,50,0.8243
1693,1,937,576,130,50,0.8050
1694,1,935,576,130,50,0.8206
1695,1,937,575,127,48,0.8081
1696,1,936,573,131,50,0.8192
1697,1,936,572,129,49,0.8263
1698,1,935,570,131,51,0.8202
1699,1,937,570,127,49,0.8291
1700,1,935,568,129,50,0.8056
1701,1,938,567,125,48,0.8083
1702,1,940,566,124,47,0.7997
1703,1,940,565,120,45,0.7107
1704,1,940,562,123,47,0.7987
1705,1,939,560,125,48,0.8085
1706,1,937,559,125,48,0.8186
1707,1,938,557,124,49,0.8183
1708,1,936,555,126,50,0.8234
1709,1,936,555,125,49,0.8053
1710,1,936,553,122,49,0.8041
1711,1,937,552,118,48,0.8177
1712,1,936,552,118,48,0.8249
1713,1,936,552,117,48,0.8188
1714,1,937,552,116,48,0.8168
1715,1,939,552,116,47,0.8204
1716,1,939,552,116,47,0.8195
1717,1,939,552,115,47,0.8273
1718,1,939,552,114,47,0.8218
1719,1,940,552,113,47,0.8112
1720,1,941,552,112,47,0.8087
1721,1,941,552,112,46,0.8112
1722,1,941,551,114,48,0.7978
1723,1,941,551,114,47,0.7998
1724,1,941,551,115,47,0.8025
1725,1,940,551,116,47,0.8018
1726,1,939,551,114,47,0.7755
1727,1,939,551,113,47,0.8007
1728,1,934,552,110,46,0.8015
1729,1,937,552,110,46,0.7894
1730,1,937,553,108,45,0.7859
1731,1,938,553,107,45,0.7842
1732,1,940,553,107,46,0.8083
1733,1,941,553,107,46,0.8093
1734,1,942,552,109,47,0.8215
1735,1,944,552,110,47,0.8144
1736,1,946,552,111,47,0.8154
1737,1,948,553,109,46,0.8160
1738,1,949,553,109,45,0.8198
1739,1,950,553,109,46,0.8161
1740,1,950,553,110,46,0.8066
1741,1,952,552,112,47,0.7730
1742,1,954,552,114,47,0.7947
1743,1,954,551,116,48,0.7806
1744,1,957,551,114,48,0.8021
1745,1,957,551,114,48,0.8248
1746,1,959,550,114,48,0.8073
1747,1,959,549,117,49,0.8011
1748,1,961,548,118,50,0.7881
1749,1,966,548,122,52,0.8063
1750,1,969,547,126,54,0.7437
1754,1,980,545,138,59,0.7822
1755,1,981,543,139,61,0.6909
1761,1,1007,543,129,57,0.7839
1764,1,1047,547,91,41,0.6659
1767,1,1062,548,75,33,0.5792
1768,1,1057,547,93,40,0.7205
1770,1,1063,546,81,36,0.6687
1771,1,1065,546,95,41,0.6760
1773,1,1077,545,86,37,0.6224
1777,1,1093,544,97,40,0.6517
1778,1,1099,540,120,50,0.7347
1779,1,1104,540,121,51,0.7371
1781,1,1112,539,121,51,0.7713
1782,1,1115,537,122,52,0.8438
1783,1,1119,537,120,50,0.7928
1784,1,1131,537,118,49,0.8086
1785,1,1133,535,127,52,0.8481
1786,1,1137,534,128,54,0.8529
1787,1,1140,534,128,54,0.8406
1788,1,1146,532,132,55,0.8334
1789,1,1152,530,134,55,0.8643
1790,1,1157,530,136,56,0.8530
1791,1,1162,530,134,56,0.8535
1792,1,1164,528,140,59,0.8529
1793,1,1171,528,136,58,0.8554
1794,1,1178,528,132,56,0.8612
1795,1,1184,528,130,56,0.8556
1796,1,1190,527,133,57,0.8443
1797,1,1198,528,128,55,0.8246
1798,1,1212,528,118,50,0.8279
1799,1,1223,527,112,48,0.7875
1800,1,1231,527,111,48,0.7309
1802,1,1233,526,117,50,0.7872
1803,1,1234,525,117,50,0.7760
1804,1,1243,526,102,43,0.6231
1805,1,1246,523,116,50,0.7286
1806,1,1247,521,123,53,0.6912
1807,1,1251,520,128,54,0.7330
1808,1,1259,520,122,52,0.5608
1810,1,1275,516,119,51,0.6177
1811,1,1277,518,115,50,0.7415
1812,1,1284,519,110,48,0.6996
1813,1,1285,517,109,48,0.7100
1814,1,1289,517,107,48,0.7392
1815,1,1295,519,99,45,0.7686
1816,1,1301,520,93,43,0.6915
1817,1,1305,520,87,41,0.6005
1819,1,1306,520,103,47,0.7477
1820,1,1305,521,99,46,0.6282
1823,1,1306,517,112,51,0.6865
1832,1,1314,517,109,49,0.7099
1839,1,1327,517,98,44,0.7820
1840,1,1316,514,109,48,0.7903
1841,1,1314,513,110,49,0.7919
1842,1,1315,512,108,48,0.7792
1843,1,1315,510,108,49,0.7696
1844,1,1314,508,107,49,0.7711
1845,1,1327,507,86,39,0.6196
1851,1,1309,500,117,53,0.7472
1852,1,1310,500,114,53,0.7957
1853,1,1311,500,112,52,0.7998
1854,1,1313,499,110,52,0.6237
1855,1,1314,499,109,52,0.7368
1856,1,1316,498,107,52,0.7649
1858,1,1327,499,89,42,0.6208
1859,1,1325,498,93,45,0.7055
1860,1,1328,498,90,43,0.6656
1861,1,1327,498,92,45,0.6233
1862,1,1325,498,97,47,0.7373
1863,1,1327,498,96,47,0.7819
1864,1,1326,499,96,47,0.8079
1865,1,1324,499,97,47,0.8171
1866,1,1324,498,99,49,0.8136
1867,1,1326,497,100,49,0.7619
1868,1,1330,496,97,48,0.7882
1869,1,1332,495,95,48,0.7510
1874,1,1326,492,102,51,0.7507
1875,1,1322,491,106,53,0.7702
1876,1,1323,492,104,52,0.7794
1877,1,1322,492,105,52,0.7794
1878,1,1318,491,110,54,0.7523
1879,1,1317,491,110,55,0.7628
1880,1,1317,491,111,54,0.7285
1881,1,1317,491,111,54,0.7317
1882,1,1319,491,108,53,0.7421
1883,1,1319,491,109,53,0.7286
1884,1,1318,490,111,54,0.7011
1885,1,1319,490,111,54,0.6539
1886,1,1319,490,110,53,0.7178
1887,1,1318,490,112,54,0.7377
1888,1,1320,490,112,54,0.7362
1889,1,1323,490,109,53,0.7327
1890,1,1321,490,110,54,0.7281
1892,1,1330,492,102,50,0.5899
1893,1,1329,492,102,50,0.5795
1894,1,1328,492,102,51,0.6580
1895,1,1328,492,102,50,0.5706
1896,1,1330,492,99,50,0.6288
1897,1,1330,492,99,50,0.5828
1898,1,1326,492,102,50,0.7084
1899,1,1332,492,97,49,0.6804
1900,1,1334,493,95,47,0.6921
1901,1,1336,493,92,46,0.6882
1902,1,1329,493,97,48,0.7297
1903,1,1327,493,99,48,0.7383
1904,1,1321,493,104,50,0.7443
1905,1,1319,493,105,50,0.7196
1908,1,1315,495,112,53,0.6746
1909,1,1314,494,114,54,0.6931
1910,1,1314,496,116,54,0.6969
1911,1,1313,498,116,54,0.8123
1915,1,1308,508,117,54,0.7793
1916,1,1304,508,122,56,0.8236
1917,1,1307,512,121,54,0.7930
1918,1,1310,515,115,51,0.7662
1920,1,1303,520,123,53,0.6432
1921,1,1299,522,129,55,0.8324
1922,1,1298,524,131,56,0.8247
1923,1,1296,526,133,57,0.7945
1924,1,1297,529,132,56,0.8189
1925,1,1299,533,128,54,0.8279
1926,1,1300,537,126,53,0.8269
1927,1,1299,540,128,54,0.8101
1928,1,1299,544,126,52,0.8002
1929,1,1297,545,128,54,0.8309
1930,1,1296,548,127,54,0.8370
1931,1,1296,551,128,54,0.8289
1932,1,1296,555,130,54,0.8196
1933,1,1297,558,127,53,0.8409
1934,1,1296,562,129,54,0.7953
1935,1,1299,565,129,54,0.7670
1936,1,1298,568,131,54,0.8212
1937,1,1296,570,134,56,0.8409
1938,1,1295,573,135,56,0.8347
1939,1,1294,576,136,55,0.8392
1940,1,1293,579,137,56,0.8530
1941,1,1294,583,137,55,0.8325
1942,1,1292,585,140,57,0.8129
1943,1,1295,589,136,56,0.8285
1944,1,1299,594,132,53,0.8227
1945,1,1300,599,130,52,0.8394
1946,1,1298,601,135,54,0.8387
1947,1,1294,603,139,56,0.8389
1948,1,1294,606,139,56,0.8398
1949,1,1292,609,140,56,0.8462
1950,1,1292,612,141,56,0.8398
1951,1,1293,615,140,56,0.8380
1952,1,1294,620,137,55,0.8357
1953,1,1295,625,136,53,0.8392
1954,1,1293,628,137,54,0.8554
1955,1,1293,631,137,54,0.8564
1956,1,1292,633,138,55,0.8634
1957,1,1291,636,139,55,0.8505
1958,1,1295,641,136,54,0.8286
1959,1,1298,646,131,52,0.8430
1960,1,1297,649,133,52,0.8407
1961,1,1294,653,135,52,0.8411
1962,1,1294,656,136,53,0.8323
1963,1,1292,659,139,54,0.8628
1964,1,1291,663,142,55,0.8492
1965,1,1292,667,140,55,0.8548
1966,1,1293,672,135,53,0.8566
1967,1,1293,675,134,52,0.8472
1968,1,1291,679,136,52,0.8576
1969,1,1289,681,139,54,0.8726
1970,1,1289,684,141,55,0.8727
1971,1,1291,689,137,53,0.8573
1972,1,1292,694,136,52,0.8440
1973,1,1293,698,135,52,0.8549
1974,1,1293,701,135,52,0.8524
1975,1,1293,704,137,52,0.8706
1976,1,1292,706,139,54,0.8622
1977,1,1288,710,141,54,0.8350
1978,1,1288,714,140,54,0.8499
1979,1,1289,719,137,52,0.8532
1980,1,1289,721,137,53,0.8503
1981,1,1288,724,139,53,0.8604
1982,1,1287,727,142,54,0.8563
1983,1,1287,731,141,54,0.8672
1984,1,1288,736,141,54,0.8224
1985,1,1288,739,142,54,0.8439
1986,1,1292,743,139,53,0.8393
1987,1,1291,747,135,51,0.8378
1988,1,1288,749,139,53,0.8553
1989,1,1287,752,140,54,0.8530
1990,1,1287,756,139,54,0.8447
1991,1,1289,761,139,53,0.8200
1992,1,1288,764,140,53,0.8510
1993,1,1288,768,137,53,0.8484
1994,1,1288,772,135,52,0.8516
1995,1,1287,775,137,52,0.8652
1996,1,1286,778,138,52,0.8693
1997,1,1286,782,138,52,0.8610
1998,1,1287,785,137,52,0.8700
1999,1,1287,788,138,52,0.8745
2000,1,1288,789,139,53,0.8673
2001,1,1288,790,139,53,0.8668
2002,1,1289,792,137,52,0.8595
2003,1,1289,793,137,51,0.8507
2004,1,1289,794,137,51,0.8500
2005,1,1288,794,137,52,0.8491
2006,1,1289,795,137,52,0.8563
2007,1,1289,795,137,52,0.8559
2008,1,1289,796,137,51,0.8567
2009,1,1289,796,137,51,0.8568
2010,1,1289,796,136,51,0.8554
2011,1,1287,795,138,52,0.8554
2012,1,1287,795,139,52,0.8574
2013,1,1287,795,139,51,0.8582
2014,1,1287,795,138,51,0.8611
2015,1,1287,795,138,51,0.8536
2016,1,1286,795,138,52,0.8469
2017,1,1284,794,141,53,0.8485
2018,1,1284,794,141,53,0.8508
2019,1,1283,794,142,53,0.8552
2020,1,1282,793,144,55,0.8595
2021,1,1282,793,143,54,0.8533
2022,1,1281,792,142,54,0.8570
2023,1,1278,792,142,54,0.8374
2024,1,1276,791,143,55,0.8431
2025,1,1273,790,146,56,0.8448
2026,1,1268,788,152,59,0.8646
2027,1,1266,788,152,60,0.8659
2028,1,1264,788,153,61,0.8507
2029,1,1263,788,150,60,0.8531
2030,1,1261,788,148,60,0.8567
2031,1,1258,787,147,61,0.8553
2032,1,1255,788,144,60,0.8455
2033,1,1253,789,140,58,0.8476
2034,1,1247,789,138,58,0.8642
2035,1,1242,791,135,56,0.8657
2036,1,1237,791,132,55,0.8516
2037,1,1233,792,130,54,0.8562
2038,1,1228,794,127,52,0.8654
2039,1,1224,794,126,52,0.8472
2040,1,1216,794,127,51,0.8376
2041,1,1210,796,124,50,0.8482
2042,1,1204,796,123,49,0.8587
2043,1,1197,797,125,49,0.8627
2044,1,1192,796,127,50,0.8613
2045,1,1185,795,128,50,0.8652
2046,1,1180,796,127,49,0.8671
2047,1,1173,795,130,51,0.8612
2048,1,1168,796,132,51,0.8498
2049,1,1161,795,136,53,0.8594
2050,1,1156,795,136,53,0.8648
2051,1,1153,795,135,52,0.8639
2052,1,1150,794,135,53,0.8709
2053,1,1146,793,138,55,0.8655
2054,1,1145,794,136,55,0.8696
2055,1,1140,794,139,56,0.8684
2056,1,1138,795,139,56,0.8668
2057,1,1138,795,137,55,0.8722
2058,1,1137,795,135,54,0.8680
2059,1,1136,795,134,54,0.8650
2060,1,1136,797,128,51,0.8625
2061,1,1135,797,128,51,0.8588
2062,1,1132,798,127,50,0.8598
2063,1,1131,798,126,50,0.8539
2064,1,1128,798,127,50,0.8415
2065,1,1131,799,127,50,0.8492
2066,1,1125,798,131,52,0.8590
2067,1,1120,798,136,53,0.8574
2068,1,1119,799,133,52,0.8415
2069,1,1117,800,132,51,0.8449
2070,1,1114,800,134,52,0.8475
2071,1,1113,800,132,52,0.8437
2072,1,1111,801,132,51,0.8419
2073,1,1111,801,129,50,0.8468
2074,1,1109,802,129,50,0.8433
2075,1,1106,803,128,49,0.8286
2076,1,1101,803,131,50,0.8378
2077,1,1096,803,133,51,0.8538
2078,1,1092,803,136,52,0.8536
2079,1,1089,803,137,53,0.8433
2080,1,1088,804,134,52,0.8291
2081,1,1085,804,132,51,0.8407
2082,1,1082,806,132,51,0.8394
2083,1,1081,807,128,50,0.8447
2084,1,1074,807,133,52,0.8488
2085,1,1068,806,138,55,0.8385
2086,1,1064,806,139,55,0.8393
2087,1,1061,808,136,54,0.8411
2088,1,1058,808,133,53,0.8266
2089,1,1056,808,130,53,0.8243
2090,1,1048,807,137,55,0.8254
2091,1,1046,807,134,54,0.8329
2092,1,1041,807,133,54,0.8319
2093,1,1036,808,134,54,0.8476
2094,1,1030,806,138,56,0.8492
2095,1,1025,806,138,57,0.8424
2096,1,1020,806,135,56,0.8310
2097,1,1014,807,133,55,0.8450
2098,1,1011,808,129,53,0.8526
2099,1,1003,808,131,54,0.8511
2100,1,998,810,128,52,0.8492
2101,1,992,810,128,53,0.8570
2102,1,985,811,127,52,0.8492
2103,1,978,811,127,52,0.8529
2104,1,971,811,128,53,0.8530
2105,1,964,811,130,54,0.8537
2106,1,959,811,128,53,0.8493
2107,1,952,812,126,52,0.8573
2108,1,943,811,127,53,0.8660
2109,1,936,811,126,52,0.8560
2110,1,927,811,128,53,0.8572
2111,1,919,811,131,54,0.8651
2112,1,913,811,127,52,0.8546
2113,1,904,811,127,53,0.8512
2114,1,895,811,128,53,0.8571
2115,1,886,811,127,52,0.8460
2116,1,879,812,125,51,0.8561
2117,1,872,812,124,51,0.8525
2118,1,862,812,126,51,0.8520
2119,1,855,812,125,51,0.8528
2120,1,846,812,123,50,0.8565
2121,1,838,812,122,50,0.8471
2122,1,829,812,123,51,0.8553
2123,1,821,813,122,50,0.8494
2124,1,811,814,122,50,0.8505
2125,1,802,814,123,50,0.8536
2126,1,793,814,124,51,0.8543
2127,1,784,815,124,50,0.8605
2128,1,777,816,122,50,0.8557
2129,1,768,816,123,50,0.8451
2130,1,762,816,121,49,0.8399
2131,1,753,816,122,50,0.8490
2132,1,747,818,123,49,0.8403
2133,1,739,818,122,49,0.8248
2134,1,732,818,120,48,0.8419
2135,1,722,819,121,48,0.7804
2136,1,713,820,121,49,0.8254
2137,1,705,820,121,48,0.8357
2138,1,699,820,121,48,0.8413
2139,1,689,820,123,49,0.8362
2140,1,683,820,121,49,0.8513
2141,1,676,820,122,49,0.8451
2142,1,668,820,122,49,0.8383
2143,1,663,821,121,48,0.8425
2144,1,657,821,118,47,0.8404
2145,1,648,821,121,48,0.8347
2146,1,640,821,121,48,0.8369
2147,1,634,820,122,49,0.8508
2148,1,629,821,120,48,0.8571
2149,1,625,821,119,48,0.8489
2150,1,619,821,119,48,0.8477
2151,1,614,822,119,47,0.8479
2152,1,612,822,116,46,0.8577
2153,1,606,822,119,47,0.8540
2154,1,600,822,118,47,0.8542
2155,1,595,822,119,47,0.8609
2156,1,591,822,119,48,0.8497
2157,1,585,822,117,47,0.8562
2158,1,581,822,117,48,0.8516
2159,1,575,822,117,48,0.8391
2160,1,574,823,114,46,0.8430
2161,1,570,823,114,46,0.8421
2162,1,566,824,112,45,0.8554
2163,1,561,824,113,46,0.8550
2164,1,556,824,114,46,0.8538
2165,1,551,823,117,48,0.8593
2166,1,547,823,119,48,0.8524
2167,1,544,823,119,48,0.8506
2168,1,541,824,117,47,0.8545
2169,1,538,825,116,47,0.8621
2170,1,535,825,117,47,0.8618
2171,1,532,825,118,48,0.8444
2172,1,528,825,121,49,0.8542
2173,1,525,825,121,50,0.8564
2174,1,522,825,121,50,0.8507
2175,1,520,825,122,51,0.8620
2176,1,519,826,118,49,0.8543
2177,1,520,827,114,47,0.8493
2178,1,518,828,113,46,0.8519
2179,1,517,829,112,45,0.8536
2180,1,516,829,112,46,0.8445
2181,1,512,829,117,48,0.8421
2182,1,510,829,117,48,0.8290
2183,1,509,830,116,47,0.8318
2184,1,509,831,114,47,0.8386
2185,1,507,831,115,47,0.8448
2186,1,505,831,115,47,0.8506
2187,1,505,831,113,47,0.8498
2188,1,506,832,112,46,0.8496
2189,1,506,832,111,46,0.8495
2190,1,505,832,112,46,0.8456
2191,1,505,833,112,45,0.8449
2192,1,505,833,111,46,0.8416
2193,1,504,833,113,46,0.8470
2194,1,502,833,114,47,0.8465
2195,1,501,834,115,46,0.8469
2196,1,500,834,116,47,0.8473
2197,1,499,834,117,48,0.8445
2198,1,498,834,118,48,0.8297
2199,1,500,835,117,47,0.8381
2200,1,500,835,116,47,0.8384
2201,1,499,835,116,47,0.8382
2202,1,498,835,116,47,0.8320
2203,1,498,835,115,47,0.8339
2204,1,497,835,115,47,0.8319
2205,1,496,836,115,46,0.8321
2206,1,494,835,116,47,0.8316
2207,1,494,835,116,47,0.8337
2208,1,496,836,113,46,0.8302
2209,1,497,836,112,45,0.8312
2210,1,494,836,116,46,0.8431
2211,1,493,836,117,47,0.8474
2212,1,492,835,119,49,0.8450
2213,1,491,835,119,49,0.8434
2214,1,491,836,119,48,0.8380
2215,1,491,836,119,48,0.8380
2216,1,490,836,119,48,0.8334
2217,1,490,836,119,49,0.8350
2218,1,490,836,119,49,0.8342
2219,1,492,838,115,47,0.8341
2220,1,492,838,115,47,0.8332
2221,1,492,838,115,47,0.8335
2222,1,492,839,114,46,0.8322
2223,1,493,839,112,46,0.8316
2224,1,492,839,111,46,0.8298
2225,1,490,839,113,46,0.8310
2226,1,490,839,112,46,0.8302
2227,1,488,839,114,46,0.8316
2228,1,488,839,114,46,0.8312
2229,1,487,839,114,46,0.8324
2230,1,487,839,114,46,0.8314
2231,1,487,839,114,46,0.8262
2232,1,487,840,114,45,0.8249
2233,1,487,840,114,45,0.8264
2234,1,487,840,114,45,0.8260
2235,1,487,841,114,44,0.8246
2236,1,486,841,116,45,0.8368
2237,1,486,841,116,46,0.8374
2238,1,485,841,118,46,0.8441
2239,1,485,841,118,47,0.8500
2240,1,485,841,119,47,0.8525
2241,1,485,841,118,48,0.8565
2242,1,483,842,120,48,0.8512
2243,1,483,843,120,48,0.8486
2244,1,482,843,120,48,0.8468
2245,1,482,844,119,48,0.8452
2246,1,482,844,120,49,0.8475
2247,1,482,846,120,48,0.8395
2248,1,482,846,120,49,0.8368
2249,1,485,848,116,46,0.8450
2250,1,483,848,119,48,0.8482
2251,1,483,852,117,47,0.8407
2252,1,483,854,118,48,0.8366
2253,1,484,858,117,46,0.8402
2254,1,483,860,118,47,0.8289
2255,1,484,863,115,46,0.8283
2256,1,484,866,113,46,0.8404
2257,1,485,868,114,46,0.8475
2258,1,486,870,114,46,0.8524
2259,1,486,872,113,46,0.8386
2260,1,486,877,112,46,0.8387
2261,1,484,882,112,45,0.8507
2262,1,482,887,116,47,0.8506
2263,1,481,890,114,46,0.8594
2264,1,481,892,113,46,0.8536
2265,1,482,895,113,46,0.8520
2266,1,483,898,113,46,0.8478
2267,1,483,903,112,46,0.8406
2268,1,483,907,113,45,0.8461
2269,1,485,910,111,45,0.8416
2270,1,484,913,112,45,0.8452
2271,1,483,916,114,46,0.8530
2272,1,482,919,115,47,0.8484
2273,1,483,922,114,47,0.8455
2274,1,475,926,118,48,0.8122
2275,1,478,930,117,48,0.8439
2276,1,481,933,114,47,0.8460
2277,1,480,937,115,47,0.8533
2278,1,478,940,117,48,0.8571
2279,1,480,943,116,47,0.8537
2280,1,481,946,117,48,0.8506
2281,1,482,951,114,47,0.8478
2282,1,482,954,113,47,0.8404
2283,1,483,958,110,45,0.8524
2284,1,480,962,113,46,0.8556
2285,1,480,965,115,48,0.8571
2286,1,481,968,115,48,0.8617
2287,1,480,974,113,46,0.8339
2288,1,478,978,114,47,0.8401
2289,1,477,981,113,47,0.8570
2290,1,475,985,115,47,0.8457
2291,1,478,989,114,47,0.8434
2292,1,478,993,113,46,0.8460
2293,1,477,996,112,46,0.8204
2294,1,475,1001,115,46,0.8424
2295,1,474,1004,116,47,0.8299
2296,1,476,1008,115,46,0.8439
2297,1,477,1012,114,46,0.8608
2298,1,478,1016,112,45,0.8256
2301,1,475,1031,113,44,0.5804
2302,1,473,1034,114,45,0.7711
2303,1,475,1038,110,42,0.8255
2304,1,477,1041,105,39,0.7991
